-ВСТАВИТЬ g5_390_2 1162671.965,5746636.783 1 1 0
-ВСТАВИТЬ g5_394 1162676.274,5746656.565 1 1 0
-ВСТАВИТЬ g5_394 1162661.337,5746589.882 1 1 0
-ВСТАВИТЬ g5_206_3 1162731.001,5746585.1 1 1 0
-ВСТАВИТЬ g5_390_2 1162839.18,5746581.716 1 1 0
-ВСТАВИТЬ g5_388_1 1162856.282,5746578.711 1 1 0
-ВСТАВИТЬ g5_390_2 1162952.802,5746579.167 1 1 0
-ВСТАВИТЬ g5_390_2 1162965.707,5746579.033 1 1 0
-ВСТАВИТЬ g5_390_2 1162970.735,5746577.88 1 1 0
-ВСТАВИТЬ g5_390_2 1162975.165,5746578.231 1 1 0
-ВСТАВИТЬ g5_390_2 1162979.85,5746577.98 1 1 0
-ВСТАВИТЬ g5_390_2 1162980.438,5746578.377 1 1 0
-ВСТАВИТЬ g5_390_2 1162982.821,5746577.999 1 1 0
-ВСТАВИТЬ g5_390_2 1162984.225,5746578.675 1 1 0
-ВСТАВИТЬ g5_390_2 1162999.889,5746577.612 1 1 0